217,40
217,39
217,38
217,37
217,36
217,35
0,584
208,1
186,5
186,1
30,5
30,1
29,5
29,1
13,79
13,1
13,25
8,5
8,2
8,1
6,6
6,5
6,2
6,1
5,6
5,5
5,2
5,1
2,2
2,5
2,1
0,643
0,642
0,641
0,640
0,639
0,638
0,637
0,636
0,635
0,634
0,633
0,632
0,631
0,630
0,629
0,628
0,627
0,626
0,625
0,624
0,623
0,622
0,621
0,620
0,619
0,618
0,617
0,616
0,615
0,614
0,613
0,612
0,611
0,610
0,609
0,608
0,607
0,606
0,605
0,604
0,603
0,602
0,601
0,600
0,599
0,511
0,444
0,364
0,340
0,335
0,308
0,305
0,10
0,311
0,310
0,0
0,307
0,306
0,13
0,339
0,11
0,9
217,34
217,33
217,32
217,31
217,30
217,29
217,28
217,27
217,26
217,25
217,24
217,23
217,22
217,21
217,20
217,19
217,18
217,17
217,16
217,15
217,14
217,13
217,12
217,11
217,10
217,9
217,8
217,7
217,6
217,5
217,4
217,3
217,2
217,0
0,484
0,469
0,303
0,483
0,468
0,302
0,796
0,467
0,301
0,786
0,466
0,300
0,482
0,465
0,299
0,481
0,464
0,298
0,480
0,463
0,297
0,768
0,462
0,296
0,829
0,461
0,295
0,479
0,460
0,294
0,478
0,459
0,293
0,477
0,458
0,292
0,819
0,457
0,291
0,818
0,456
0,290
0,453
0,455
0,289
0,817
0,493
0,288
0,816
0,452
0,287
0,476
0,451
0,286
0,454
0,450
0,285
0,815
0,449
0,284
0,828
0,447
0,283
0,448
0,446
0,282
0,475
0,445
0,281
0,827
0,443
0,280
0,489
0,442
0,279
0,826
0,440
0,278
0,814
0,439
0,277
0,813
0,438
